Child number 3, ppid: 18817
Child number 2, ppid: 18817
Child number 1, ppid: 18817
Child number 4, ppid: 18817
Child number 5, ppid: 18817
Child number 7, ppid: 18817
Child number 8, ppid: 18817
Child number 9, ppid: 18817
Child number 6, ppid: 18817
Child number 10, ppid: 18817
18817
18817
18817
18817
18817
18817
18817
18817
18817
18817
18817
18817
18817
18817
18817
18817
18817
18817
18817
18817
18817
18817
18817
18817
18817
18817
18817
18817
18817
18817
18817
18817
18817
18817
18817
18817
18817
18817
18817
18817
18817
18817
18817
18817
18817
18817
18817
18817
18817
18817
18817
18817
18817
18818
18817
18817
18818
18818
18817
18817
18818
18819
18817
18818
18819
18817
18820
18817
18819
18818
18817
18820
18820
18819
18817
18819
18817
18821
18820
18817
18820
18818
18817
18819
18817
18822
18820
18817
18821
18820
18822
18821
18817
18822
18817
18820
18819
18817
18820
18821
18823
18819
18818
18821
18819
18817
18824
18817
18822
18820
18817
18824
18822
18824
18821
18820
18818
18817
18817
18819
18817
18822
18820
18822
18821
18822
18821
18817
18825
18817
18826
18824
18817
18823
18822
18821
18823
18820
18819
18817
18818
18817
18821
18819
18822
18823
18817
18819
18817
18825
18826
18827
18826
18825
18826
18825
18827
18827
18827
18824
18821
18820
18818
18821
18818
18821
18818
18824
18824
18824
18824
18824
18826
18827
18825
18823
18817
18819
18826
18823
18825
18823
18825
18826
18825
18826
18825
18826
18824
18823
18822
18823
18825
18822
18821
18827
18826
18827
18825
18827
18826
18827
18826
18825
18826
18825
18824
18823
18822
18818
18823
18824
18823
18823
18827
18827
18826
18827
18825
18827
18824
18823
18822
18827
Preorder of new tree: 18822 (null)(null)
