Child number 10, ppid: 19160
Child number 9, ppid: 19160
Child number 8, ppid: 19160
Child number 7, ppid: 19160
Child number 6, ppid: 19160
Child number 5, ppid: 19160
Child number 4, ppid: 19160
Child number 3, ppid: 19160
Child number 2, ppid: 19160
Child number 1, ppid: 19160
19160
19160
19160
19160
19160
19160
19160
19160
19160
19160
19160
19160
19160
19160
19160
19160
19160
19160
19160
19160
19160
19160
19160
19160
19160
19160
19160
19160
19160
19160
19160
19160
19160
19160
19160
19160
19160
19160
19160
19160
19160
19160
19160
19160
19160
19160
19160
19160
19160
19160
19160
19160
19160
19162
19160
19162
19160
19162
19160
19163
19160
19163
19160
19163
19160
19164
19160
19164
19160
19164
19160
19165
19160
19165
19160
19165
19160
19166
19160
19166
19160
19166
19160
19167
19160
19167
19160
19167
19160
19168
19160
19168
19160
19168
19160
19169
19160
19169
19160
19169
19160
19170
19160
19170
19160
19170
19160
19171
19160
19171
19160
19171
19160
19171
19160
19171
19170
19171
19170
19171
19170
19171
19170
19171
19170
19171
19170
19171
19170
19171
19170
19171
19170
19171
19170
19169
19170
19169
19168
19169
19168
19169
19168
19169
19168
19169
19168
19169
19168
19169
19168
19169
19168
19169
19168
19169
19168
19167
19168
19167
19166
19167
19166
19167
19166
19167
19166
19167
19166
19167
19166
19167
19166
19167
19166
19167
19166
19167
19166
19165
19166
19165
19164
19165
19164
19165
19164
19165
19164
19165
19164
19165
19164
19165
19164
19165
19164
19165
19164
19165
19164
19163
19164
19163
19162
19163
19162
19163
19162
19163
19162
19163
19162
19163
19162
19163
19162
19163
19162
19163
19162
19163
19162
Preorder of new tree: (null)
